139.84365844726562,369.567626953125,203.26499938964844,16.21500015258789,16.91254425048828,331.49676513671875,175.31463623046875,14.112950325012207,13.83410930633545,60.02040100097656,28.834205627441406,0.6825889348983765,0.7122564911842346,11.283967971801758,5.876897811889648,0.435323029756546,0.4153834283351898,2.1564152240753174,1.202438473701477,0.12780413031578064,0.12732645869255066,0.4520447552204132,0.21607470512390137,0.01909009739756584,0.019421091303229332,0.0833834633231163,0.044356003403663635,0.00369627820327878,0.003832681104540825,0.01559112686663866,0.014385303482413292,0.0005137196858413517,0.0005412612808868289,0.002933085896074772,0.0014768783003091812,0.00013405163190327585,0.00015597903984598815,0.0006224592216312885,0.00034521493944339454,2.21078735194169e-05,2.1568255760939792e-05,39.98798370361328
29.56368064880371,5.221755504608154,3.077730178833008,0.46786749362945557,0.3994973301887512,3.642610788345337,2.1089766025543213,0.5276267528533936,0.5002463459968567,0.7568013668060303,0.43238964676856995,0.022312071174383163,0.021420301869511604,0.13846395909786224,0.08146405965089798,0.0114440331235528,0.009929629042744637,0.03246982768177986,0.014985918067395687,0.0026698929723352194,0.0029808843974024057,0.005572965368628502,0.0029494112823158503,0.00041216646786779165,0.00038371310802176595,9.760126113891602
84.18354797363281,71.84982299804688,35.807586669921875,4.536134719848633,4.433690071105957,68.015380859375,31.57584571838379,5.582794189453125,5.841320991516113,12.008406639099121,6.07633638381958,1.0385313034057617,1.120969295501709,2.1255240440368652,1.0631157159805298,0.2080278992652893,0.22837552428245544,0.46015465259552,0.20978650450706482,0.00730068190023303,0.007460659835487604,0.09397118538618088,0.03841853514313698,0.0064540402963757515,0.006739990320056677,0.015492010861635208,0.008083504624664783,0.001018902868963778,0.001042430754750967,0.00315622566267848,0.0015523425536230206,0.0001358511799480766,0.00014947119052521884,0.0006279948283918202,0.0003152204444631934,1.6758778656367213e-05,1.7532234778627753e-05,22.80070686340332
69.43211364746094,44.49748611450195,22.20918083190918,2.8613409996032715,2.861435890197754,40.890968322753906,18.71916961669922,0.5238447189331055,0.6787025332450867,7.108207702636719,3.7458090782165527,0.3514874577522278,0.37038087844848633,1.293460488319397,0.6558866500854492,0.10663244128227234,0.12206844985485077,0.2980281412601471,0.1269589215517044,0.013240225613117218,0.013190088793635368,0.05863633379340172,0.023632943630218506,0.005031946115195751,0.0053740981966257095,0.009371294640004635,0.004862666130065918,0.00019804024486802518,0.00017069588648155332,0.002030879259109497,0.0009881943697109818,0.00014881727111060172,0.00015703952522017062,19.566497802734375
44.37882995605469,12.449118614196777,6.7327189445495605,0.48788443207740784,0.4537665843963623,9.424642562866211,5.6774797439575195,0.4545820951461792,0.4637928009033203,2.021756649017334,0.9755985140800476,0.047759588807821274,0.044866159558296204,0.3655833899974823,0.21486015617847443,0.03773010894656181,0.03931828588247299,0.08019658923149109,0.044865209609270096,0.009366459213197231,0.009412962011992931,12.994997024536133
140.1020965576172,370.4209289550781,203.30166625976562,4.331128120422363,4.497623443603516,336.7127990722656,176.80445861816406,21.878952026367188,20.568069458007812,60.79466247558594,29.36150360107422,3.500647783279419,3.4984493255615234,11.283185958862305,5.881473541259766,0.8221072554588318,0.8155492544174194,40.120689392089844
19.021242141723633,1.3934118747711182,0.7090170383453369,0.17696014046669006,0.15700452029705048,1.1085569858551025,0.5236068964004517,0.19090530276298523,0.16528792679309845,0.22141604125499725,0.09358008950948715,0.02076783776283264,0.01881573349237442,0.04256719723343849,0.02470710501074791,0.005055177956819534,0.004937549587339163,0.009328329004347324,0.0041083162650465965,0.0010509004350751638,0.001011919230222702,0.0017765718512237072,0.0008471031324006617,0.0003237436176277697,0.00027977602439932525,0.0003442251472733915,0.00024023698642849922,5.51356679352466e-05,5.863526166649535e-05,6.37240955256857e-05,3.5168483009329066e-05,1.0518810995563399e-05,1.2210957720526494e-05,6.499726295471191
98.00819396972656,107.66737365722656,52.26397705078125,4.775321006774902,4.671360492706299,101.51156616210938,48.863197326660156,1.3598475456237793,1.4466910362243652,17.164262771606445,9.139585494995117,1.5419650077819824,1.6224311590194702,3.383017063140869,1.6858139038085938,0.09008897095918655,0.10027667880058289,0.696757435798645,0.3515055179595947,0.029593907296657562,0.028133075684309006,0.12862628698349,0.056628622114658356,0.0035831984132528305,0.0037325206212699413,0.023301277309656143,0.0119578642770648,0.001054963213391602,0.0010989760048687458,0.0049529606476426125,0.002505306387320161,0.0002473868371453136,0.0002837471547536552,0.000895476492587477,0.0004660971462726593,1.3052898793830536e-05,1.2889439858554397e-05,26.089731216430664
112.09553527832031,163.34156799316406,86.2405014038086,6.549497127532959,6.289775848388672,149.3929901123047,74.72101593017578,1.889096975326538,1.9897316694259644,24.687198638916016,13.044600486755371,0.33707237243652344,0.3851354122161865,4.844326972961426,2.5749547481536865,0.34813183546066284,0.37373125553131104,29.975690841674805
29.453474044799805,5.175242900848389,3.0397961139678955,0.7179452776908875,0.6453019380569458,3.5941708087921143,2.105006694793701,0.10995899140834808,0.11395025253295898,0.7112631797790527,0.3991389274597168,0.12060531973838806,0.10759367048740387,0.14797767996788025,0.08921632915735245,0.0035514782648533583,0.0033198874443769455,0.03241473063826561,0.015066971071064472,0.003315617796033621,0.003608846105635166,9.734081268310547
137.96148681640625,361.69842529296875,200.24859619140625,11.969423294067383,12.885780334472656,327.1986999511719,173.2838592529297,10.76150131225586,10.491387367248535,60.50320816040039,29.172826766967773,2.8563151359558105,2.7930455207824707,11.174031257629395,5.747313976287842,0.2769736647605896,0.2620978057384491,2.124502182006836,1.1851099729537964,0.026451475918293,0.023740068078041077,0.45518752932548523,0.2215522825717926,0.023515306413173676,0.02425256557762623,0.08308124542236328,0.04422493278980255,0.003682532347738743,0.0038131384644657373,0.01568315550684929,0.014456942677497864,0.00018054645624943078,0.00019703606085386127,0.0029216597322374582,0.0014618687564507127,0.0001723628374747932,0.000189598387805745,40.04485321044922
